# **************************************************************************** #
#                                                                              #
#                                                         :::      ::::::::    #
#    Makefile                                           :+:      :+:    :+:    #
#                                                     +:+ +:+         +:+      #
#    By: jjourdan <jjourdan@student.42lyon.fr>      +#+  +:+       +#+         #
#                                                 +#+#+#+#+#+   +#+            #
#    Created: 2021/03/24 11:06:04 by jjourdan          #+#    #+#              #
#    Updated: 2021/04/07 14:00:52 by jjourdan         ###   ########lyon.fr    #
#                                                                              #
# **************************************************************************** #

# *******************************    POST-IT    ****************************** #
#                                                                              #
#			## $@ 	Le nom de la cible										   #
#			## $< 	Le nom de la première dépendance						   #
#			## $^ 	La liste des dépendances								   #
#			## $? 	La liste des dépendances plus récentes que la cible		   #
#			## $* 	Le nom du fichier sans suffixe							   #
#                                                                              #
# **************************************************************************** #

RM			=	rm -f

MAKE_SUB	=	-make -C

ARG_500		=	-356636193 -66318356 298634493 898669863 -832960765 380963599 -37228178 119070763 210575881 -127913775 -387485047 -441419652 -716514859 -55963490 284307989 41071077 775380805 -487519727 -507196275 398407811 339168258 319640230 -534058695 551854724 613933541 -245209837 536310220 391482714 527443412 -736301988 116836133 -180927851 -225282928 -99182705 206062563 -753575286 -613460233 902743028 -142592064 -25681041 -756835837 164922823 657890928 730997231 573098463 -634188229 88797567 -81787317 927398995 -331177443 -907592848 949747510 549062575 -655754071 -341235677 803101374 -83372558 740088947 -834225207 690319864 -337183504 -581670113 -651441590 -786791146 393933373 144066742 255640557 742183240 -520599793 -925718597 198313991 657008990 9528584 721745260 861647309 -258591573 -92010608 737165200 -304276962 440574282 974706702 867815103 347448140 -955054825 -598658949 -767725553 423969894 131487008 -845208790 -495047582 -131590414 -917125535 -670482230 -288330480 240832244 -999612663 -332100831 746716147 680034466 588622210 845941377 319741584 -118667080 174214387 -120917521 458652642 326618360 590215643 643675341 761516932 915576362 935909817 -282145622 285370429 141617299 18069113 -750685750 586502400 256533531 805074523 377649852 -166347857 -128707953 961309503 -276590593 584052348 68847504 -962692986 794190800 556090016 -753461062 -52594367 -372722138 -728240658 145198208 -411960662 -758283617 991054767 -370048001 731438536 229217369 577312422 -648632901 967423707 -57988653 322405808 -258629671 74153306 -641745645 -902465463 -702423262 657707431 560234232 553935483 -724100953 -136958718 -120481204 416141535 89637247 194459829 -41740932 899679123 190567498 -120049325 -866404990 -195925465 -521775246 719500397 -877434208 239000110 -80857726 -95034336 471323171 -826737746 791680583 -320146058 -703644599 -517290400 934840980 734960032 817283894 784382237 -149811534 565167562 422775419 -888492220 280507757 854567351 658401409 370010280 225677320 56179905 964240955 408250255 291298043 425590394 -389076310 -666938264 -91208634 -792581167 -59364571 227507676 -811218414 -183830310 664065301 820458552 659963104 602790614 111963592 430784106 790162969 -918627431 413825542 -734001017 -6884070 215507803 -98810480 -239130384 459383354 654422407 -830130246 -938006394 -749428822 -276616036 699271878 798887621 -586083826 345533183 -177594858 -112075275 -927262800 -264975605 -169671171 761371357 536468437 -682565959 -294586542 629759940 -454335103 459397076 -952380958 -491025976 -627426669 -112794256 -149333724 846935700 -344189711 693204910 831106333 -559202754 178728179 -758900614 -988101089 -31620234 -434261644 -392929889 -625137378 581634693 497121869 -693243578 -850631687 582221318 -264349785 -620375979 -190368125 -958866878 343806790 178166415 13895051 -585593525 -65645570 -421325813 -6582433 235772084 939680142 46497076 -217069549 929693880 550407830 453913658 -109984726 -228079063 106559001 833673026 -487080375 -356171949 -444092332 738936763 -252886097 33454870 -800216938 -692345997 -786437024 10819500 -111177133 915383010 75953473 -925250509 248067776 -745546223 155285566 973545560 83224004 714394432 -310811073 -391528660 985287519 -831034681 539558101 -957281896 -225104353 -844364796 -62086142 794228197 272528095 80306490 405091490 607456537 -558337421 -242407446 -583853871 952190549 843583573 10172860 -720384142 836026762 -563371064 -722638002 -637827830 430732952 364821930 541952000 -660771763 285234516 -741488053 293649856 155254847 -979340971 483614345 981243364 -397689120 868963857 573583695 -100665136 -395018700 -550916164 798318370 39409946 470249725 345531241 -593563051 -46964647 358418678 556702070 387821615 -358553649 732881932 181355810 572468084 481161301 380438969 -123701328 921790351 710189212 845145113 501823263 -428596390 -800360589 588075230 222005588 137075822 -933517597 -263417606 406415914 383328561 -292173451 588681834 -841181864 -597040636 -496835442 368288151 -32924347 664049700 851287927 -795285982 830530006 -155142886 983656074 -719896345 136192429 -215602761 -496110807 928909859 -303588710 -130154392 531791186 -542185479 362673342 22325758 613225674 -779218900 -780772840 -423097560 458982243 683129451 -775791237 836213866 -890256127 929789234 -840175621 195236940 -627410569 -462341118 195459481 495597319 -650536211 -196927102 -931310226 -121790383 423852732 65070190 564828577 -731875053 952229125 712184134 -164239147 765020336 651875346 -202420950 -720323180 279262049 349267016 614472586 -653580689 156213277 -118946887 -176421405 -438383091 -426100672 -518176371 -931424819 626544080 733638671 -592688940 856583803 140629426 121034124 -903086291 -693694521 449473627 -604563537 481382504 132727505 -998754560 -896552053 -24042133 -462695876 545203483 -631783733 -739423313 59385936 875759612 -259347491 167363083 -522756675 -877712139 -242997226 78049406 751512829 -142066397 -139983804 -643975912 528363546 327698999 -531320788 392996735 -996907505 -645590632 904744357 193506088 -923440714 446641474 -370279320 -238557375 -192461844 -712830436 125222139 -177983692 -98992011 -594993870 -79755280 -548663405 258570834 409153940 -737061967 -12702803 -587951307 739751899 -442067876 337405955

ARG_100		=	676029104 648985387 -698813050 -179098163 668250691 -689951657 299304355 473142433 -403897956 -794727161 331029892 -810144702 310573195 -180035138 975143070 -114878453 -482739090 990856546 607107264 -843463060 -328521513 65530986 585923015 751215645 188930969 487907196 92799523 449711814 993776654 297863154 -701927401 539227573 -20531900 -4511127 -748433146 515410270 -145276804 869659153 161875661 89190985 597500728 -366733752 914102224 -615474897 -274078819 373908068 -29206181 461795477 167017735 -433855965 -771007391 -117210733 781814137 765999957 279887570 -859671098 405406272 640479206 901191323 -308348445 870535362 989559664 55077611 653281948 297583053 347331956 -942101999 -733660160 -522547098 189866995 742130699 -774840521 -973687167 570069729 903963817 430363710 -932951387 181456426 605519519 591877839 -224520621 446399183 -133987925 -2174852 841656976 -24539713 -281965511 507721381 236907673 -5768360 -3368449 802585761 -564924776 -278220752 -536561515 245899385 -497943739 -908344540 526713591 -291776177

ARG_10		=	-680643287 546807095 -263252763 -119579657 -621520253 731769517 -602211749 -510171695 -843779677 -27832949

ARG_8 		=	-680643287 -263252763 -119579657 -621520253 731769517 -510171695 -843779677 -27832949

ARG_5		=	798688858 -527562444 338143752 -718344995 277778403

ARG_4		=	507365354 -678575814 232553491 -453692951

ARG_3		=	-322974035 -718098743 -245192333

ARG_2		=	-1587 675436

ARG_1		=	17

ARG_10		=

ARG			=	$(ARG_500)

all:
				@$(MAKE_SUB) check
				@$(MAKE_SUB) push

norme:
				printf "\033c"
				@norminette libs
				@$(MAKE_SUB) check norme
				@$(MAKE_SUB) push norme

norme_check:
				printf "\033c"
				@norminette libs
				@$(MAKE_SUB) check norme_check
				@$(MAKE_SUB) push norme_check

test:			all
				ARG="$(ARG)"; ./push/push_swap $$ARG | ./check/checker $$ARG

count:			all
				ARG="$(ARG)"; ./push/push_swap $$ARG | wc -l

leaks:			all
				printf "\033c"
				ARG="$(ARG)"; leaks --atExit -- ./push/push_swap $$ARG | leaks --atExit -- ./check/checker $$ARG

push:			all
				ARG="$(ARG)"; ./push/push_swap $$ARG

clean:
				@$(MAKE_SUB) check clean
				@$(MAKE_SUB) push clean

fclean:
				@$(MAKE_SUB) check fclean
				@$(MAKE_SUB) push fclean
				@$(RM) checker
				@$(RM) push_swap

re:				fclean all

.PHONY: all, libs, norme, norme_check, test, count, leaks, clean, fclean, re